1.0
1.0 0.0 0.0 
0.0 1.0 0.0
0.0 0.0 1.0
4.5 0.0 1.0

24
-0.75 0.0 0.3
11.0 0.0 0.3
-0.75 0.212132034355964 0.212132034355964
11.0 0.212132034355964 0.212132034355964
-0.75 0.3 0.0
11.0 0.3 0.0
-0.75 0.212132034355964 -0.212132034355964
11.0 0.212132034355964 -0.212132034355964
-0.75 0.0 -0.3
11.0 0.0 -0.3
-0.75 -0.212132034355964 -0.212132034355964
11.0 -0.212132034355964 -0.212132034355964
-0.75 -0.3 0.0
11.0 -0.3 0.0
-0.75 -0.212132034355964 0.212132034355964
11.0 -0.212132034355964 0.212132034355964
11.0 -0.3 0.0
11.0 -0.212132034355964 -0.212132034355964
11.0 0.0 -0.3
11.0 0.212132034355964 -0.212132034355964
11.0 0.3 0.0
11.0 0.212132034355964 0.212132034355964
11.0 0.0 0.3
11.0 -0.212132034355964 0.212132034355964

0.0 0.0 1.0
0.0 0.0 1.0
0.0 0.707106781168 0.707106781168
0.0 0.707106781168 0.707106781168
0.0 1.0 0.0
0.0 1.0 0.0
0.0 0.707106781168 -0.707106781168
0.0 0.707106781168 -0.707106781168
0.0 0.0 -1.0
0.0 0.0 -1.0
0.0 -0.707106781168 -0.707106781168
0.0 -0.707106781168 -0.707106781168
0.0 -1.0 0.0
0.0 -1.0 0.0
0.0 -0.707106781168 0.707106781168
0.0 -0.707106781168 0.707106781168
1.0 0.0 0.0
1.0 0.0 0.0
1.0 0.0 0.0
1.0 0.0 0.0
1.0 0.0 0.0
1.0 0.0 0.0
1.0 0.0 0.0
1.0 0.0 0.0

1.0 0.87 0.75
1.0 0.87 0.75
1.0 0.87 0.75
1.0 0.87 0.75
1.0 0.87 0.75
1.0 0.87 0.75
1.0 0.87 0.75
1.0 0.87 0.75
1.0 0.87 0.75
1.0 0.87 0.75
1.0 0.87 0.75
1.0 0.87 0.75
1.0 0.87 0.75
1.0 0.87 0.75
1.0 0.87 0.75
1.0 0.87 0.75
1.0 0.87 0.75
1.0 0.87 0.75
1.0 0.87 0.75
1.0 0.87 0.75
1.0 0.87 0.75
1.0 0.87 0.75
1.0 0.87 0.75
1.0 0.87 0.75

66
0 1 2
1 3 2
2 3 4
3 5 4
4 5 6
5 7 6
6 7 8
7 9 8
8 9 10
9 11 10
10 11 12
11 13 12
12 13 14
13 15 14
14 15 0
15 1 0
16 17 18
16 18 19
16 19 20
16 20 21
16 21 22
16 22 23
