1.0
1.0 0.0 0.0 
0.0 1.0 0.0
0.0 0.0 1.0
0.75 0.0 3.55

44
-7.0 3.5 2.0
-7.0 -3.5 2.0
0.2 3.5 2.0
0.2 -3.5 2.0
2.25 3.5 1.8
2.25 -3.5 1.8
4.25 1.0 1.5
4.25 -1.0 1.5
0.2 -3.5 2.0
-7.0 -3.5 2.0
-7.0 -4.0 1.25
-6.5 -4.25 0.75
-1.5 -4.5 0.0
2.75 -4.25 0.0
2.25 -3.5 1.8
0.2 3.5 2.0
-7.0 3.5 2.0
-7.0 4.0 1.25
-6.5 4.25 0.75
-1.5 4.5 0.0
2.75 4.25 0.0
2.25 3.5 1.8
-7.0 -3.5 2.0
-7.0 3.5 2.0
-7.0 -4.0 1.25
-7.0 4.0 1.25
-7.0 -4.0 1.25
-7.0 4.0 1.25
-6.5 -4.25 0.75
-6.5 4.25 0.75
2.25 -3.5 1.8
2.75 -4.25 0.0
4.25 -1.0 1.5
5.0 -1.75 0.0
5.5 -1.0 0.5
2.75 4.25 0.0
2.25 3.5 1.8
5.0 1.75 0.0
4.25 1.0 1.5
5.5 1.0 0.5
4.25 -1.0 1.5
5.5 -1.0 0.5
4.25 1.0 1.5
5.5 1.0 0.5

0.0 0.0 1.0
0.0 0.0 1.0
0.0614222689183303 0.0 0.998111869922868
0.0614222689183303 0.0 0.998111869922868
0.0 0.0 1.0
0.0 0.0 1.0
0.0614222689183303 0.0 0.998111869922868
0.0614222689183303 0.0 0.998111869922868
0.0 -0.707106781168 0.707106781168
0.0 -0.707106781168 0.707106781168
0.0 -0.707106781168 0.707106781168
0.0 -0.707106781168 0.707106781168
0.0 -0.707106781168 0.707106781168
0.0 -0.707106781168 0.707106781168
0.0 -0.707106781168 0.707106781168
0.0 0.707106781168 0.707106781168
0.0 0.707106781168 0.707106781168
0.0 0.707106781168 0.707106781168
0.0 0.707106781168 0.707106781168
0.0 0.707106781168 0.707106781168
0.0 0.707106781168 0.707106781168
0.0 0.707106781168 0.707106781168
-1.0 0.0 0.0
-1.0 0.0 0.0
-1.0 0.0 0.0
-1.0 0.0 0.0
-1.0 0.0 0.0
-1.0 0.0 0.0
-1.0 0.0 0.0
-1.0 0.0 0.0
0.5773502691896257 -0.5773502691896257 0.5773502691896257
0.5773502691896257 -0.5773502691896257 0.5773502691896257
0.5773502691896257 -0.5773502691896257 0.5773502691896257
0.5773502691896257 -0.5773502691896257 0.5773502691896257
0.5773502691896257 -0.5773502691896257 0.5773502691896257
0.5773502691896257 0.5773502691896257 0.5773502691896257
0.5773502691896257 0.5773502691896257 0.5773502691896257
0.5773502691896257 0.5773502691896257 0.5773502691896257
0.5773502691896257 0.5773502691896257 0.5773502691896257
0.5773502691896257 0.5773502691896257 0.5773502691896257
0.707106781168 0.0 0.707106781168
0.707106781168 0.0 0.707106781168
0.707106781168 0.0 0.707106781168
0.707106781168 0.0 0.707106781168

1.0 0.87 0.75
1.0 0.87 0.75
1.0 0.87 0.75
1.0 0.87 0.75
1.0 0.87 0.75
1.0 0.87 0.75
1.0 0.87 0.75
1.0 0.87 0.75
1.0 0.87 0.75
1.0 0.87 0.75
1.0 0.87 0.75
1.0 0.87 0.75
1.0 0.87 0.75
1.0 0.87 0.75
1.0 0.87 0.75
1.0 0.87 0.75
1.0 0.87 0.75
1.0 0.87 0.75
1.0 0.87 0.75
1.0 0.87 0.75
1.0 0.87 0.75
1.0 0.87 0.75
1.0 0.87 0.75
1.0 0.87 0.75
1.0 0.87 0.75
1.0 0.87 0.75
1.0 0.87 0.75
1.0 0.87 0.75
1.0 0.87 0.75
1.0 0.87 0.75
1.0 0.87 0.75
1.0 0.87 0.75
1.0 0.87 0.75
1.0 0.87 0.75
1.0 0.87 0.75
1.0 0.87 0.75
1.0 0.87 0.75
1.0 0.87 0.75
1.0 0.87 0.75
1.0 0.87 0.75
1.0 0.87 0.75
1.0 0.87 0.75
1.0 0.87 0.75
1.0 0.87 0.75

84
0 1 2
1 3 2
2 3 4
3 5 4
4 5 6
5 7 6
8 9 10
8 10 11
8 11 12
8 12 13 
8 13 14
15 17 16
15 18 17
15 19 18
15 20 19
15 21 20
22 23 24
24 23 25
26 27 28
28 27 29
30 31 32
32 31 33
32 33 34
35 36 37
37 36 38
37 38 39
40 41 42
42 41 43

