48
-10.75 5.0 4.10 
-6.75 5.0 4.10 
-10.75 5.0 3.5 
-4.0 5.0 3.5 
-10.75 5.0 2.0 
-8.0 5.0 0.0 
10.5 5.0 3.5 
11.0 5.0 3.0 
8.0 5.0 0.0 
-10.75 -5.0 4.10 
-6.75 -5.0 4.10 
-10.75 -5.0 3.5 
-4.0 -5.0 3.5 
-10.75 -5.0 2.0 
-8.0 -5.0 0.0 
10.5 -5.0 3.5 
11.0 -5.0 3.0 
8.0 -5.0 0.0 
-10.75 5.0 4.10 
-6.75 5.0 4.10 
-10.75 -5.0 4.10 
-6.75 -5.0 4.10 
-4.0 5.0 3.5 
10.5 5.0 3.5 
-4.0 -5.0 3.5 
10.5 -5.0 3.5 
-6.75 5.0 4.10 
-4.0 5.0 3.5 
-6.75 -5.0 4.10 
-4.0 -5.0 3.5 
10.5 5.0 3.5 
11.0 5.0 3.0 
10.5 -5.0 3.5 
11.0 -5.0 3.0 
11.0 5.0 3.0 
8.0 5.0 0.0 
11.0 -5.0 3.0 
8.0 -5.0 0.0 
-10.75 -5.0 4.10 
-10.75 -5.0 3.5 
-10.75 -5.0 2.0 
-10.75 5.0 4.10 
-10.75 5.0 3.5 
-10.75 5.0 2.0 
-10.75 -5.0 2.0 
-8.0 -5.0 0.0 
-10.75 5.0 2.0 
-8.0 5.0 0.0 

0.0 1.0 0.0
0.0 1.0 0.0
0.0 1.0 0.0
0.0 1.0 0.0
0.0 1.0 0.0
0.0 1.0 0.0
0.0 1.0 0.0
0.0 1.0 0.0
0.0 1.0 0.0
0.0 -1.0 0.0
0.0 -1.0 0.0
0.0 -1.0 0.0
0.0 -1.0 0.0
0.0 -1.0 0.0
0.0 -1.0 0.0
0.0 -1.0 0.0
0.0 -1.0 0.0
0.0 -1.0 0.0
0.0 0.0 1.0
0.0 0.0 1.0
0.0 0.0 1.0
0.0 0.0 1.0
0.0 0.0 1.0
0.0 0.0 1.0
0.0 0.0 1.0
0.0 0.0 1.0
0.341743063086 0.0 0.9397934234884
0.341743063086 0.0 0.9397934234884
0.341743063086 0.0 0.9397934234884
0.341743063086 0.0 0.9397934234884
0.707106781168 0.0 0.707106781168
0.707106781168 0.0 0.707106781168
0.707106781168 0.0 0.707106781168
0.707106781168 0.0 0.707106781168
0.707106781168 0.0 -0.707106781168
0.707106781168 0.0 -0.707106781168
0.707106781168 0.0 -0.707106781168
0.707106781168 0.0 -0.707106781168
-1.0 0.0 0.0
-1.0 0.0 0.0
-1.0 0.0 0.0
-1.0 0.0 0.0
-1.0 0.0 0.0
-1.0 0.0 0.0
-0.588171697675046 0.0 -0.8087360843031886
-0.588171697675046 0.0 -0.8087360843031886
-0.588171697675046 0.0 -0.8087360843031886
-0.588171697675046 0.0 -0.8087360843031886

1.0 0.87 0.75
1.0 0.87 0.75
1.0 0.87 0.75
1.0 0.87 0.75
1.0 0.87 0.75
1.0 0.87 0.75
1.0 0.87 0.75
1.0 0.87 0.75
1.0 0.87 0.75
1.0 0.87 0.75
1.0 0.87 0.75
1.0 0.87 0.75
1.0 0.87 0.75
1.0 0.87 0.75
1.0 0.87 0.75
1.0 0.87 0.75
1.0 0.87 0.75
1.0 0.87 0.75
1.0 0.87 0.75
1.0 0.87 0.75
1.0 0.87 0.75
1.0 0.87 0.75
1.0 0.87 0.75
1.0 0.87 0.75
1.0 0.87 0.75
1.0 0.87 0.75
1.0 0.87 0.75
1.0 0.87 0.75
1.0 0.87 0.75
1.0 0.87 0.75
1.0 0.87 0.75
1.0 0.87 0.75
1.0 0.87 0.75
1.0 0.87 0.75
1.0 0.87 0.75
1.0 0.87 0.75
1.0 0.87 0.75
1.0 0.87 0.75
1.0 0.87 0.75
1.0 0.87 0.75
1.0 0.87 0.75
1.0 0.87 0.75
1.0 0.87 0.75
1.0 0.87 0.75
1.0 0.87 0.75
1.0 0.87 0.75
1.0 0.87 0.75
1.0 0.87 0.75

90
0 1 2
1 3 2
2 3 4
4 3 5
3 6 5
5 6 8
6 7 8
9 11 10 
10 11 12
11 13 12
13 14 12
12 14 15
14 17 15
15 17 16
18 21 19
18 20 21
22 25 23
22 24 25
26 29 27
26 28 29
30 33 31
30 32 33
34 37 35
34 36 37
38 42 39
38 41 42
39 43 40
39 42 43
44 47 45
44 46 47

