48
0.250000 0.000000 8.300000
0.230970 0.095671 8.300000
0.176777 0.176777 8.300000
0.095671 0.230970 8.300000
-0.000000 0.250000 8.300000
-0.095671 0.230970 8.300000
-0.176777 0.176777 8.300000
-0.230970 0.095671 8.300000
-0.250000 -0.000000 8.300000
-0.230970 -0.095671 8.300000
-0.176777 -0.176777 8.300000
-0.095671 -0.230970 8.300000
0.000000 -0.250000 8.300000
0.095671 -0.230970 8.300000
0.176777 -0.176777 8.300000
0.230970 -0.095671 8.300000
0.250000 0.000000 -8.300000
0.230970 0.095671 -8.300000
0.176777 0.176777 -8.300000
0.095671 0.230970 -8.300000
-0.000000 0.250000 -8.300000
-0.095671 0.230970 -8.300000
-0.176777 0.176777 -8.300000
-0.230970 0.095671 -8.300000
-0.250000 -0.000000 -8.300000
-0.230970 -0.095671 -8.300000
-0.176777 -0.176777 -8.300000
-0.095671 -0.230970 -8.300000
0.000000 -0.250000 -8.300000
0.095671 -0.230970 -8.300000
0.176777 -0.176777 -8.300000
0.230970 -0.095671 -8.300000
0.250000 0.000000 8.300000
0.230970 0.095671 8.300000
0.176777 0.176777 8.300000
0.095671 0.230970 8.300000
-0.000000 0.250000 8.300000
-0.095671 0.230970 8.300000
-0.176777 0.176777 8.300000
-0.230970 0.095671 8.300000
-0.250000 -0.000000 8.300000
-0.230970 -0.095671 8.300000
-0.176777 -0.176777 8.300000
-0.095671 -0.230970 8.300000
0.000000 -0.250000 8.300000
0.095671 -0.230970 8.300000
0.176777 -0.176777 8.300000
0.230970 -0.095671 8.300000

1.000000 0.000000 0.000000
0.923880 0.382683 0.000000
0.707107 0.707107 0.000000
0.382683 0.923880 0.000000
-0.000000 1.000000 0.000000
-0.382684 0.923880 0.000000
-0.707107 0.707107 0.000000
-0.923880 0.382683 0.000000
-1.000000 -0.000000 0.000000
-0.923880 -0.382683 0.000000
-0.707107 -0.707107 0.000000
-0.382683 -0.923880 0.000000
0.000000 -1.000000 0.000000
0.382684 -0.923879 0.000000
0.707107 -0.707107 0.000000
0.923880 -0.382683 0.000000
1.000000 0.000000 0.000000
0.923880 0.382683 0.000000
0.707107 0.707107 0.000000
0.382683 0.923880 0.000000
-0.000000 1.000000 0.000000
-0.382684 0.923880 0.000000
-0.707107 0.707107 0.000000
-0.923880 0.382683 0.000000
-1.000000 -0.000000 0.000000
-0.923880 -0.382683 0.000000
-0.707107 -0.707107 0.000000
-0.382683 -0.923880 0.000000
0.000000 -1.000000 0.000000
0.382684 -0.923879 0.000000
0.707107 -0.707107 0.000000
0.923880 -0.382683 0.000000
0.000000 0.000000 1.000000
0.000000 0.000000 1.000000
0.000000 0.000000 1.000000
0.000000 0.000000 1.000000
0.000000 0.000000 1.000000
0.000000 0.000000 1.000000
0.000000 0.000000 1.000000
0.000000 0.000000 1.000000
0.000000 0.000000 1.000000
0.000000 0.000000 1.000000
0.000000 0.000000 1.000000
0.000000 0.000000 1.000000
0.000000 0.000000 1.000000
0.000000 0.000000 1.000000
0.000000 0.000000 1.000000
0.000000 0.000000 1.000000

0.000000 0.250000 0.500000
0.000000 0.250000 0.500000
0.000000 0.250000 0.500000
0.000000 0.250000 0.500000
0.000000 0.250000 0.500000
0.000000 0.250000 0.500000
0.000000 0.250000 0.500000
0.000000 0.250000 0.500000
0.000000 0.250000 0.500000
0.000000 0.250000 0.500000
0.000000 0.250000 0.500000
0.000000 0.250000 0.500000
0.000000 0.250000 0.500000
0.000000 0.250000 0.500000
0.000000 0.250000 0.500000
0.000000 0.250000 0.500000
0.000000 0.250000 0.500000
0.000000 0.250000 0.500000
0.000000 0.250000 0.500000
0.000000 0.250000 0.500000
0.000000 0.250000 0.500000
0.000000 0.250000 0.500000
0.000000 0.250000 0.500000
0.000000 0.250000 0.500000
0.000000 0.250000 0.500000
0.000000 0.250000 0.500000
0.000000 0.250000 0.500000
0.000000 0.250000 0.500000
0.000000 0.250000 0.500000
0.000000 0.250000 0.500000
0.000000 0.250000 0.500000
0.000000 0.250000 0.500000
0.000000 0.250000 0.500000
0.000000 0.250000 0.500000
0.000000 0.250000 0.500000
0.000000 0.250000 0.500000
0.000000 0.250000 0.500000
0.000000 0.250000 0.500000
0.000000 0.250000 0.500000
0.000000 0.250000 0.500000
0.000000 0.250000 0.500000
0.000000 0.250000 0.500000
0.000000 0.250000 0.500000
0.000000 0.250000 0.500000
0.000000 0.250000 0.500000
0.000000 0.250000 0.500000
0.000000 0.250000 0.500000
0.000000 0.250000 0.500000
138
0 16 1
1 16 17
1 17 2
2 17 18
2 18 3
3 18 19
3 19 4
4 19 20
4 20 5
5 20 21
5 21 6
6 21 22
6 22 7
7 22 23
7 23 8
8 23 24
8 24 9
9 24 25
9 25 10
10 25 26
10 26 11
11 26 27
11 27 12
12 27 28
12 28 13
13 28 29
13 29 14
14 29 30
14 30 15
15 30 31
15 31 0
0 31 16
32 33 34
32 34 35
32 35 36
32 36 37
32 37 38
32 38 39
32 39 40
32 40 41
32 41 42
32 42 43
32 43 44
32 44 45
32 45 46
32 46 47
