42
0.244362 -0.0550595 0.17841
-0.252632 -1.21842 3.04962
0.252632 -0.0550595 2.93702
0.244362 0.00158149 0.151091
-0.252628 1.5244 2.84892
0.252632 2.16049 1.86837
0.244362 0.0154575 0.0897596
-0.252628 3.07478 0.57743
0.252632 2.70337 -0.530792
0.244362 -0.0239025 0.0407196
-0.252628 2.26222 -2.04995
0.252632 1.16371 -2.44916
0.244362 -0.0867835 0.0409936
-0.252628 -0.299807 -3.04962
0.252632 -1.29608 -2.43843
0.244362 -0.125713 0.0903757
-0.252628 -2.67706 -1.66686
0.252632 -2.81894 -0.506697
0.244362 -0.111302 0.151584
-0.252632 -3.07478 1.05438
0.252628 -2.25515 1.88763
0.244362 -0.0550595 0.17841
-0.252632 -1.21842 3.04962
0.252632 -0.0550595 2.93702
0.244362 0.00158149 0.151091
-0.252628 1.5244 2.84892
0.252632 2.16049 1.86837
0.244362 0.0154575 0.0897596
-0.252628 3.07478 0.57743
0.252632 2.70337 -0.530792
0.244362 -0.0239025 0.0407196
-0.252628 2.26222 -2.04995
0.252632 1.16371 -2.44916
0.244362 -0.0867835 0.0409936
-0.252628 -0.299807 -3.04962
0.252632 -1.29608 -2.43843
0.244362 -0.125713 0.0903757
-0.252628 -2.67706 -1.66686
0.252632 -2.81894 -0.506697
0.244362 -0.111302 0.151584
-0.252632 -3.07478 1.05438
0.252628 -2.25515 1.88763
-0.917127 0.398586 0.00275
-0.917127 0.398586 0.00275
-0.917127 0.398586 0.00275
-0.917129 0.250275 -0.310222
-0.917129 0.250275 -0.310222
-0.917129 0.250275 -0.310222
-0.917128 -0.086982 -0.388986
-0.917128 -0.086982 -0.388986
-0.917128 -0.086982 -0.388986
-0.917128 -0.358571 -0.174076
-0.917128 -0.358571 -0.174076
-0.917128 -0.358571 -0.174076
-0.917129 -0.359448 0.172256
-0.917129 -0.359448 0.172256
-0.917129 -0.359448 0.172256
-0.917129 -0.088953 0.388539
-0.917129 -0.088953 0.388539
-0.917129 -0.088953 0.388539
-0.917128 0.2487 0.311486
-0.917128 0.2487 0.311486
-0.917128 0.2487 0.311486
0.917127 -0.398586 -0.00275
0.917127 -0.398586 -0.00275
0.917127 -0.398586 -0.00275
0.917129 -0.250275 0.310222
0.917129 -0.250275 0.310222
0.917129 -0.250275 0.310222
0.917128 0.086982 0.388986
0.917128 0.086982 0.388986
0.917128 0.086982 0.388986
0.917128 0.358571 0.174076
0.917128 0.358571 0.174076
0.917128 0.358571 0.174076
0.917129 0.359448 -0.172256
0.917129 0.359448 -0.172256
0.917129 0.359448 -0.172256
0.917129 0.088953 -0.388539
0.917129 0.088953 -0.388539
0.917129 0.088953 -0.388539
0.917128 -0.2487 -0.311486
0.917128 -0.2487 -0.311486
0.917128 -0.2487 -0.311486
0.0 0.25 0.5
0.0 0.25 0.5
0.0 0.25 0.5
0.0 0.25 0.5
0.0 0.25 0.5
0.0 0.25 0.5
0.0 0.25 0.5
0.0 0.25 0.5
0.0 0.25 0.5
0.0 0.25 0.5
0.0 0.25 0.5
0.0 0.25 0.5
0.0 0.25 0.5
0.0 0.25 0.5
0.0 0.25 0.5
0.0 0.25 0.5
0.0 0.25 0.5
0.0 0.25 0.5
0.0 0.25 0.5
0.0 0.25 0.5
0.0 0.25 0.5
0.0 0.25 0.5
0.0 0.25 0.5
0.0 0.25 0.5
0.0 0.25 0.5
0.0 0.25 0.5
0.0 0.25 0.5
0.0 0.25 0.5
0.0 0.25 0.5
0.0 0.25 0.5
0.0 0.25 0.5
0.0 0.25 0.5
0.0 0.25 0.5
0.0 0.25 0.5
0.0 0.25 0.5
0.0 0.25 0.5
0.0 0.25 0.5
0.0 0.25 0.5
0.0 0.25 0.5
0.0 0.25 0.5
0.0 0.25 0.5
0.0 0.25 0.5
42
1 2 0
4 5 3
7 8 6
10 11 9
13 14 12
16 17 15
19 20 18
23 22 21
26 25 24
29 28 27
32 31 30
35 34 33
38 37 36
41 40 39
