80
-2.200000 0.000000 7.800000
-2.260896 0.095671 7.800000
-2.434314 0.176777 7.800000
-2.693853 0.230970 7.800000
-3.000000 0.250000 7.800000
-3.306147 0.230970 7.800000
-3.565686 0.176777 7.800000
-3.739104 0.095671 7.800000
-3.800000 -0.000000 7.800000
-3.739104 -0.095671 7.800000
-3.565685 -0.176777 7.800000
-3.306147 -0.230970 7.800000
-3.000000 -0.250000 7.800000
-2.693853 -0.230970 7.800000
-2.434314 -0.176777 7.800000
-2.260896 -0.095671 7.800000
1.000000 0.000000 0.000000
0.695518 0.095671 0.000000
-0.171573 0.176777 0.000000
-1.469266 0.230970 0.000000
-3.000000 0.250000 0.000000
-3.306147 0.230970 0.000000
-3.565686 0.176777 0.000000
-3.739104 0.095671 0.000000
-3.800000 -0.000000 0.000000
-3.739104 -0.095671 0.000000
-3.565685 -0.176777 0.000000
-3.306147 -0.230970 0.000000
-3.000000 -0.250000 0.000000
-1.469266 -0.230970 0.000000
-0.171572 -0.176777 0.000000
0.695518 -0.095671 0.000000
-2.200000 0.000000 -7.800000
-2.260896 0.095671 -7.800000
-2.434314 0.176777 -7.800000
-2.693853 0.230970 -7.800000
-3.000000 0.250000 -7.800000
-3.306147 0.230970 -7.800000
-3.565686 0.176777 -7.800000
-3.739104 0.095671 -7.800000
-3.800000 -0.000000 -7.800000
-3.739104 -0.095671 -7.800000
-3.565685 -0.176777 -7.800000
-3.306147 -0.230970 -7.800000
-3.000000 -0.250000 -7.800000
-2.693853 -0.230970 -7.800000
-2.434314 -0.176777 -7.800000
-2.260896 -0.095671 -7.800000
-2.200000 0.000000 7.800000
-2.260896 0.095671 7.800000
-2.434314 0.176777 7.800000
-2.693853 0.230970 7.800000
-3.000000 0.250000 7.800000
-3.306147 0.230970 7.800000
-3.565686 0.176777 7.800000
-3.739104 0.095671 7.800000
-3.800000 -0.000000 7.800000
-3.739104 -0.095671 7.800000
-3.565685 -0.176777 7.800000
-3.306147 -0.230970 7.800000
-3.000000 -0.250000 7.800000
-2.693853 -0.230970 7.800000
-2.434314 -0.176777 7.800000
-2.260896 -0.095671 7.800000
-2.200000 0.000000 -7.800000
-2.260896 0.095671 -7.800000
-2.434314 0.176777 -7.800000
-2.693853 0.230970 -7.800000
-3.000000 0.250000 -7.800000
-3.306147 0.230970 -7.800000
-3.565686 0.176777 -7.800000
-3.739104 0.095671 -7.800000
-3.800000 -0.000000 -7.800000
-3.739104 -0.095671 -7.800000
-3.565685 -0.176777 -7.800000
-3.306147 -0.230970 -7.800000
-3.000000 -0.250000 -7.800000
-2.693853 -0.230970 -7.800000
-2.434314 -0.176777 -7.800000
-2.260896 -0.095671 -7.800000

1.000000 0.000000 0.000000
0.602267 0.798295 0.000000
0.298275 0.954480 0.000000
0.128371 0.991726 0.000000
-0.000000 1.000000 0.000000
-0.128371 0.991726 0.000000
-0.298275 0.954480 0.000000
-0.602267 0.798295 0.000000
-1.000000 -0.000000 0.000000
-0.602267 -0.798295 0.000000
-0.298275 -0.954480 0.000000
-0.128371 -0.991726 0.000000
0.000000 -1.000000 0.000000
0.128371 -0.991726 0.000000
0.298275 -0.954480 0.000000
0.602267 -0.798295 0.000000
1.000000 0.000000 0.000000
0.149199 0.988807 0.000000
0.062378 0.998053 0.000000
0.025880 0.999665 0.000000
-0.000000 1.000000 0.000000
-0.128371 0.991726 0.000000
-0.298275 0.954480 0.000000
-0.602267 0.798295 0.000000
-1.000000 -0.000000 0.000000
-0.602267 -0.798295 0.000000
-0.298275 -0.954480 0.000000
-0.128371 -0.991726 0.000000
0.000000 -1.000000 0.000000
0.025880 -0.999665 0.000000
0.062378 -0.998053 0.000000
0.149199 -0.988807 0.000000
1.000000 0.000000 0.000000
0.602267 0.798295 0.000000
0.298275 0.954480 0.000000
0.128371 0.991726 0.000000
-0.000000 1.000000 0.000000
-0.128371 0.991726 0.000000
-0.298275 0.954480 0.000000
-0.602267 0.798295 0.000000
-1.000000 -0.000000 0.000000
-0.602267 -0.798295 0.000000
-0.298275 -0.954480 0.000000
-0.128371 -0.991726 0.000000
0.000000 -1.000000 0.000000
0.128371 -0.991726 0.000000
0.298275 -0.954480 0.000000
0.602267 -0.798295 0.000000
0.000000 0.000000 1.000000
0.000000 0.000000 1.000000
0.000000 0.000000 1.000000
0.000000 0.000000 1.000000
0.000000 0.000000 1.000000
0.000000 0.000000 1.000000
0.000000 0.000000 1.000000
0.000000 0.000000 1.000000
0.000000 0.000000 1.000000
0.000000 0.000000 1.000000
0.000000 0.000000 1.000000
0.000000 0.000000 1.000000
0.000000 0.000000 1.000000
0.000000 0.000000 1.000000
0.000000 0.000000 1.000000
0.000000 0.000000 1.000000
0.000000 0.000000 -1.000000
0.000000 0.000000 -1.000000
0.000000 0.000000 -1.000000
0.000000 0.000000 -1.000000
0.000000 0.000000 -1.000000
0.000000 0.000000 -1.000000
0.000000 0.000000 -1.000000
0.000000 0.000000 -1.000000
0.000000 0.000000 -1.000000
0.000000 0.000000 -1.000000
0.000000 0.000000 -1.000000
0.000000 0.000000 -1.000000
0.000000 0.000000 -1.000000
0.000000 0.000000 -1.000000
0.000000 0.000000 -1.000000
0.000000 0.000000 -1.000000

0.000000 0.250000 0.500000
0.000000 0.250000 0.500000
0.000000 0.250000 0.500000
0.000000 0.250000 0.500000
0.000000 0.250000 0.500000
0.000000 0.250000 0.500000
0.000000 0.250000 0.500000
0.000000 0.250000 0.500000
0.000000 0.250000 0.500000
0.000000 0.250000 0.500000
0.000000 0.250000 0.500000
0.000000 0.250000 0.500000
0.000000 0.250000 0.500000
0.000000 0.250000 0.500000
0.000000 0.250000 0.500000
0.000000 0.250000 0.500000
0.000000 0.250000 0.500000
0.000000 0.250000 0.500000
0.000000 0.250000 0.500000
0.000000 0.250000 0.500000
0.000000 0.250000 0.500000
0.000000 0.250000 0.500000
0.000000 0.250000 0.500000
0.000000 0.250000 0.500000
0.000000 0.250000 0.500000
0.000000 0.250000 0.500000
0.000000 0.250000 0.500000
0.000000 0.250000 0.500000
0.000000 0.250000 0.500000
0.000000 0.250000 0.500000
0.000000 0.250000 0.500000
0.000000 0.250000 0.500000
0.000000 0.250000 0.500000
0.000000 0.250000 0.500000
0.000000 0.250000 0.500000
0.000000 0.250000 0.500000
0.000000 0.250000 0.500000
0.000000 0.250000 0.500000
0.000000 0.250000 0.500000
0.000000 0.250000 0.500000
0.000000 0.250000 0.500000
0.000000 0.250000 0.500000
0.000000 0.250000 0.500000
0.000000 0.250000 0.500000
0.000000 0.250000 0.500000
0.000000 0.250000 0.500000
0.000000 0.250000 0.500000
0.000000 0.250000 0.500000
0.000000 0.250000 0.500000
0.000000 0.250000 0.500000
0.000000 0.250000 0.500000
0.000000 0.250000 0.500000
0.000000 0.250000 0.500000
0.000000 0.250000 0.500000
0.000000 0.250000 0.500000
0.000000 0.250000 0.500000
0.000000 0.250000 0.500000
0.000000 0.250000 0.500000
0.000000 0.250000 0.500000
0.000000 0.250000 0.500000
0.000000 0.250000 0.500000
0.000000 0.250000 0.500000
0.000000 0.250000 0.500000
0.000000 0.250000 0.500000
0.000000 0.250000 0.500000
0.000000 0.250000 0.500000
0.000000 0.250000 0.500000
0.000000 0.250000 0.500000
0.000000 0.250000 0.500000
0.000000 0.250000 0.500000
0.000000 0.250000 0.500000
0.000000 0.250000 0.500000
0.000000 0.250000 0.500000
0.000000 0.250000 0.500000
0.000000 0.250000 0.500000
0.000000 0.250000 0.500000
0.000000 0.250000 0.500000
0.000000 0.250000 0.500000
0.000000 0.250000 0.500000
0.000000 0.250000 0.500000
276
0 16 1
1 16 17
1 17 2
2 17 18
2 18 3
3 18 19
3 19 4
4 19 20
4 20 5
5 20 21
5 21 6
6 21 22
6 22 7
7 22 23
7 23 8
8 23 24
8 24 9
9 24 25
9 25 10
10 25 26
10 26 11
11 26 27
11 27 12
12 27 28
12 28 13
13 28 29
13 29 14
14 29 30
14 30 15
15 30 31
15 31 0
0 31 16
16 32 17
17 32 33
17 33 18
18 33 34
18 34 19
19 34 35
19 35 20
20 35 36
20 36 21
21 36 37
21 37 22
22 37 38
22 38 23
23 38 39
23 39 24
24 39 40
24 40 25
25 40 41
25 41 26
26 41 42
26 42 27
27 42 43
27 43 28
28 43 44
28 44 29
29 44 45
29 45 30
30 45 46
30 46 31
31 46 47
31 47 16
16 47 32
48 49 50
48 50 51
48 51 52
48 52 53
48 53 54
48 54 55
48 55 56
48 56 57
48 57 58
48 58 59
48 59 60
48 60 61
48 61 62
48 62 63
64 66 65
64 67 66
64 68 67
64 69 68
64 70 69
64 71 70
64 72 71
64 73 72
64 74 73
64 75 74
64 76 75
64 77 76
64 78 77
64 79 78
